startByte

   248       4      131       241      22       100     199       72       9        14       252     254

11111000 00000100 10000011 11110001 00010110 01100100 11000111 01001000 00001001 00001110 11111100 11111110 

   112      128      18       12       124      250      194      14      252      254       0
01110000 10000000 00010010 00001100 01111100 11111010 11000010 00001110 11111100 11111110 00000000(endByte)


sbusFrame.frame.chan0: 989		(01111011101)	ROLL
sbusFrame.frame.chan1: 985		(01111011001)	PITCH
sbusFrame.frame.chan2: 195		(00011000011)	THROTTLE
sbusFrame.frame.chan3: 990		(01111011110)	YAW
sbusFrame.frame.chan4: 1811		(11100010011)	BOXARM
sbusFrame.frame.chan5: 992		(01111100000)	BEEPER
sbusFrame.frame.chan6: 1811		(11100010011)	FLIGHT MODE (1811: ACRO, 992: HORIZON, 172: LEVEL)
sbusFrame.frame.chan7: 172		(00010101100)
sbusFrame.frame.chan8: 992		(01111100000)
sbusFrame.frame.chan9: 992		(01111100000)
sbusFrame.frame.chan10: 992		(01111100000)
sbusFrame.frame.chan11: 992		(01111100000)
sbusFrame.frame.chan12: 992		(01111100000)
sbusFrame.frame.chan13: 992		(01111100000)
sbusFrame.frame.chan14: 992		(01111100000)
sbusFrame.frame.chan15: 992		(01111100000)
sbusFrame.frame.flags: 0        (00000000000)


rcRaw[0](Roll[Ail] stick): 1498
rcRaw[1](Pitch[Ele] stick): 1495
rcRaw[2](Yaw[Rud] stick): 1498
rcRaw[3](Throttle stick): 1001
rcRaw[4](BOXARM switch (L04)): 2011
rcRaw[5](BEEPER switch (SB)): 1500
rcRaw[8](FLIGHT MODE switch (SD)): 2011
rcRaw[9](AIR MODE switch (SG)): 987


-- Original SBUS uninverted data
00001111 11011100 11000011 10011110 00110000 10111100 00110111 01110001 11110000 10000001 00001111 01111100 11100000 00000011 00011111 11111000 11000000 00000111 00111110 11110000 10000001 00001111 01111100 00000000 00000000

-- Digest to channel data
00001111 (Byte 0: StartByte, 0x0F)

		MSB	   LSB
Byte 1:  11011100
Byte 2:  11000011
Byte 3:  10011110
Byte 4:  00110000
Byte 5:  10111100
Byte 6:  00110111
Byte 7:  01110001
Byte 8:  11110000
Byte 9:  10000001[]
Byte 10: 00001111
Byte 11: 01111100
Byte 12: 11100000
Byte 13: 00000011
Byte 14: 00011111
Byte 15: 11111000
Byte 16: 11000000
Byte 17: 00000111
Byte 18: 00111110
Byte 19: 11110000
Byte 20: 10000001
Byte 21: 00001111
Byte 22: 01111100

Byte 23: 00000000	(Flag)

Byte 24: 00000000   (EndByte)

          MSB       LSB
Channel 0: 01111011100		(1111011100)
Channel 1: 
Channel 2: 
Channel 3: 
Channel 4: 
Channel 5: 
Channel 6: 
Channel 7: 
Channel 8: 
Channel 9: 
Channel 10: 
Channel 11: 
Channel 12: 
Channel 13: 
Channel 14: 
Channel 15: 

+---------------------------------------------------------------------------------------------------------+
+---------------------------------------------------------------------------------------------------------+
+---------------------------------------------------------------------------------------------------------+

00001111 01111100 11100000 00000011 00011111 11111000 11000000 00000111 00111110 11110000 10000001 00001111 01111100 00000000 00000000 

00001111 11011100 11000011 10011110 00110000 10111100 00110111 01110001 11110000 10000001 00001111 01111100 11100000 00000011 00011111 11111000 11000000 00000111 00111110 11110000 10000001 00001111 01111100 00000000 00000000 

00001111 11011100 11010011 00011110 00110000 01111100 11100000 00000011 00011111 11111000 11000000 00000111 00111110 11110000 10000001 00001111 01111100 00000000 00000000 

00001111 11011100 11001011 01011110 00110000 10111100 00110111 01110001 11110000 10000001 00001111 01111100 11100000 00000011 00011111 11111000 11000000 00000111 00111110 11110000 10000001 00001111 01111100 00000000 00000000 

00001111 11011100 11001011 00011110 00110000 10111100 00110000 00000011 00011111 11111000 11000000 00000111 00111110 11110000 10000001 00001111 01111100 00000000 00000000 

00001111 11011100 11001011 01011110 00110000 10111100 00110111 01110001 11110000 10000001 00001111 01111100 11100000 00000011 00011111 11111000 11000000 00000111 00111110 11110000 10000001 00001111 01111100 00000000 00000000 

00001111 11011100 11001011 01011110 00110000 10111100 00110111 01110001 00011111 11111000 11000000 00000111 00111110 11110000 10000001 00001111 01111100 00000000 00000000 

00001111 11011100 11001011 01011110 00110000 10111100 00110111 01110001 11110000 10000001 00001111 01111100 11100000 00000011 00011111 11111000 11000000 00000111 00111110 11110000 10000001 00001111 01111100 00000000 00000000 

00001111 11011100 11001011 01011110 00110000 10111100 00110111 01110001 11110000 10001000 11000000 00000111 00111110 11110000 10000001 00001111 01111100 00000000 00000000 

00001111 11011100 11001011 01011110 00110000 10111010 00110111 01110001 11110000 10000001 00001111 01111100 11100000 00000011 00011111 11111000 11000000 00000111 00111110 11110000 10000001 00001111 01111100 00000000 00000000 

00001111 11011100 11001011 01011110 00110000 10111100 00110111 01110001 11110000 10000001 00001111 00000111 00111110 11110000 10000001 00001111 01111100 00000000 00000000 

00001111 11011100 11001011 00011110 00110000 10111010 00110111 01110001 11110000 10000001 00001111 01111100 11100000 00000011 00011111 11111000 11000000 00000111 00111110 11110000 10000001 00001111 01111100 00000000 00000000 

00001111 11011100 11001011 00011110 00110000 10111010 00110111 01110001 11110000 10000001 00001111 01110111 00111110 11110000 10000001 00001111 01111100 00000000 00000000 

00001111 11011100 11001011 00011110 00110000 10111010 00110111 01110001 11110000 10000001 00001111 01111100 11100000 00000011 00011111 11111000 11000000 00000111 00111110 11110000 10000001 00001111 01111100 00000000 00000000 

00001111 11011100 11001011 01011110 00110000 10111010 00110111 01110001 11110000 10000001 00001111 01110111 00111110 11110000 10000001 00001111 01111100 00000000 00000000 

00001111 11011100 11001011 01011110 00110000 11000000 00110111 01110001 11110000 10000001 00001111 01111100 11100000 00000011 00011111 11111000 11000000 00000111 00111110 11110000 10000001 00001111 01111100 00000000 00000000 

00001111 11011100 11001011 01011110 00110000 10111010 00110111 01110001 11110000 10000001 00001111 01110111 00111110 11110000 10000001 00001111 01111100 00000000 00000000 

00001111 11011101 11000011 01011110 00110000 10111100 00110111 01110001 11110000 10000001 00001111 01111100 11100000 00000011 00011111 11111000 11000000 00000111 00111110 11110000 10000001 00001111 01111100 00000000 00000000 

00001111 11011100 11001011 01011110 00110000 10111100 00110111 01110001 11110000 10000001 00001111 01110111 00111110 11110000 10000001 00001111 01111100 00000000 00000000 

00001111 11011100 11001011 01011110 00110000 10111100 00110111 01110001 11110000 10000001 00001111 01111100 11100000 00000011 00011111 11111000 11000000 00000111 00111110 11110000 10000001 00001111 01111100 00000000 00000000 

00001111 11011100 11000011 01011110 00110000 10111100 00110111 01110001 11110000 10000001 00001111 01110111 00111110 11110000 10000001 00001111 01111100 00000000 00000000 

00001111 11011100 11000011 01011110 00110000 10111010 00110111 01110001 11110000 10000001 00001111 01111100 11100000 00000011 00011111 11111000 11000000 00000111 00111110 11110000 10000001 00001111 01111100 00000000 00000000 

00001111 11011100 11001011 01011110 00110000 10111100 00110111 01110001 11110000 10000001 00001111 01110111 00111110 11110000 10000001 00001111 01111100 00000000 00000000 

00001111 11011100 11001011 00011110 00110000 10111100 00110111 01110001 11110000 10000001 00001111 01111100 11100000 00000011 00011111 11111000 11000000 00000111 00111110 11110000 10000001 00001111 01111100 00000000 00000000 

00001111 11011100 11001011 00011110 00110000 10111100 00110111 01110001 11110000 10000001 00001111 01110111 00111110 11110000 10000001 00001111 01111100 00000000 00000000 

00001111 11011100 11001011 01011110 00110000 10111010 00110111 01110001 11110000 10000001 00001111 01111100 11100000 00000011 00011111 11111000 11000000 00000111 00111110 11110000 10000001 00001111 01111100 00000000 00000000 

00001111 11011100 11000011 01011110 00110000 10111010 00110111 01110001 11110000 10000001 00001111 01110111 00111110 11110000 10000001 00001111 01111100 00000000 00000000 

00001111 11011100 11010011 00011110 00110000 10111010 00110111 01110001 11110000 10000001 00001111 01111100 11100000 00000011 00011111 11111000 11000000 00000111 00111110 11110000 10000001 00001111 01111100 00000000 00000000 

00001111 11011100 11001011 10011110 00110000 10111100 00110111 01110001 11110000 10000001 00001111 01110111 00111110 11110000 10000001 00001111 01111100 00000000 00000000 

00001111 11011100 11001011 01011110 00110000 10111010 00110111 01110001 11110000 10000001 00001111 01111100 11100000 00000011 00011111 11111000 11000000 00000111 00111110 11110000 10000001 00001111 01111100 00000000 00000000 

00001111 11011100 11010011 01011110 00110000 10111100 00110111 01110001 11110000 10000001 00001111 01110111 00111110 11110000 10000001 00001111 01111100 00000000 00000000 

00001111 11011100 11010011 10011110 00110000 10111010 00110111 01110001 11110000 10000001 00001111 01111100 11100000 00000011 00011111 11111000 11000000 00000111 00111110 11110000 10000001 00001111 01111100 00000000 00000000 

00001111 11011100 11001011 01011110 00110000 10111100 00110111 01110001 11110000 10000001 00001111 01110111 00111110 11110000 10000001 00001111 01111100 00000000 00000000 

00001111 11011100 11001011 01011110 00110000 10111010 00110111 01110001 11110000 10000001 00001111 01111100 11100000 00000011 00011111 11111000 11000000 00000111 00111110 11110000 10000001 00001111 01111100 00000000 00000000 

00001111 11011100 11001011 01011110 00110000 10111010 00110111 01110001 11110000 10000001 00001111 01110111 00111110 11110000 10000001 00001111 01111100 00000000 00000000 

00001111 11011100 10110011 00011110 00110000 10111100 00110111 01110001 11110000 10000001 00001111 01111100 11100000 00000011 00011111 11111000 11000000 00000111 00111110 11110000 10000001 00001111 01111100 00000000 00000000 

00001111 11011100 11001011 01011110 00110000 10111010 00110111 01110001 11110000 10000001 00001111 01110111 00111110 11110000 10000001 00001111 01111100 00000000 00000000 

00001111 11011100 11001011 00011110 00110000 10111010 00110111 01110001 11110000 10000001 00001111 01111100 11100000 00000011 00011111 11111000 11000000 00000111 00111110 11110000 10000001 00001111 01111100 00000000 00000000 

00001111 11011100 11001011 01011110 00110000 10111010 00110111 01110001 11110000 10000001 00001111 01110111 00111110 11110000 10000001 00001111 01111100 00000000 00000000 

00001111 11011100 11001011 01011110 00110000 10111010 00110111 01110001 11110000 10000001 00001111 01111100 11100000 00000011 00011111 11111000 11000000 00000111 00111110 11110000 10000001 00001111 01111100 00000000 00000000 

00001111 11011100 11001011 01011110 00110000 10111100 00110111 01110001 11110000 10000001 00001111 01110111 00111110 11110000 10000001 00001111 01111100 00000000 00000000 

00001111 11011100 11001011 01011110 00110000 10111100 00110111 01110001 11110000 10000001 00001111 01111100 11100000 00000011 00011111 11111000 11000000 00000111 00111110 11110000 10000001 00001111 01111100 00000000 00000000 

00001111 11011100 11001011 01011110 00110000 10111100 00110111 01110001 11110000 10000001 00001111 01110111 00111110 11110000 10000001 00001111 01111100 00000000 00000000 

00001111 11011100 11001011 01011110 00110000 10111100 00110111 01110001 11110000 10000001 00001111 01111100 11100000 00000011 00011111 11111000 11000000 00000111 00111110 11110000 10000001 00001111 01111100 00000000 00000000 

00001111 11011100 11000011 01011110 00110000 10111100 00110111 01110001 11110000 10000001 00001111 01110111 00111110 11110000 10000001 00001111 01111100 00000000 00000000 

00001111 11011100 11010011 01011110 00110000 10111010 00110111 01110001 11110000 10000001 00001111 01111100 11100000 00000011 00011111 11111000 11000000 00000111 00111110 11110000 10000001 00001111 01111100 00000100 00000000 

00001111 11011100 11001011 01011110 00110000 10111010 00110111 01110001 11110000 10000001 00001111 01110111 00111110 11110000 10000001 00001111 01111100 00000000 00000000 

00001111 11011100 11001011 01011110 00110000 10111010 00110111 01110001 11110000 10000001 00001111 01111100 11100000 00000011 00011111 11111000 11000000 00000111 00111110 11110000 10000001 00001111 01111100 00000000 00000000 

00001111 11011100 11001011 10011110 00110000 10111100 00110111 01110001 11110000 10000001 00001111 01110111 00111110 11110000 10000001 00001111 01111100 00000000 00000000 

00001111 11011100 11001011 01011110 00110000 10111100 00110111 01110001 11110000 10000001 00001111 01111100 11100000 00000011 00011111 11111000 11000000 00000111 00111110 11110000 10000001 00001111 01111100 00000000 00000000 

00001111 11011100 11001011 01011110 00110000 10111100 00110111 01110001 11110000 10000001 00001111 01110111 00111110 11110000 10000001 00001111 01111100 00000000 00000000 

00001111 11011100 11001011 00011110 00110000 10111100 00110111 01110001 11110000 10000001 00001111 01111100 11100000 00000011 00011111 11111000 11000000 00000111 00111110 11110000 10000001 00001111 01111100 00000000 00000000 

00001111 11011100 11001011 01011110 00110000 10111010 00110111 01110001 11110000 10000001 00001111 01110111 00111110 11110000 10000001 00001111 01111100 00000000 00000000 

00001111 11011100 11000011 01011110 00110000 10111010 00110111 01110001 11110000 10000001 00001111 01111100 11100000 00000011 00011111 11111000 11000000 00000111 00111110 11110000 10000001 00001111 01111100 00000000 00000000 

00001111 11011100 11001011 01011110 00110000 10111100 00110111 01110001 11110000 10000001 00001111 01110111 00111110 11110000 10000001 00001111 01111100 00000000 00000000 

00001111 11011100 11000011 01011110 00110000 10111100 00110111 01110001 11110000 10000001 00001111 01111100 11100000 00000011 00011111 11111000 11000000 00000111 00111110 11110000 10000001 00001111 01111100 00000000 00000000 

00001111 11011100 11000011 01011110 00110000 10111010 00110111 01110001 11110000 10000001 00001111 01110111 00111110 11110000 10000001 00001111 01111100 00000000 00000000 

00001111 11011100 11001011 01011110 00110000 10111100 00110111 01110001 11110000 10000001 00001111 01111100 11100000 00000011 00011111 11111000 11000000 00000111 00111110 11110000 10000001 00001111 01111100 00000000 00000000 

00001111 11011100 11010011 01011110 00110000 10111010 00110111 01110001 11110000 10000001 00001111 01110111 00111110 11110000 10000001 00001111 01111100 00000000 00000000 

00001111 11011100 11010011 00011110 00110000 10111010 00110111 01110001 11110000 10000001 00001111 01111100 11100000 00000011 00011111 11111000 11000000 00000111 00111110 11110000 10000001 00001111 01111100 00000000 00000000 

00001111 11011100 11001011 01011110 00110000 10111100 00110111 01110001 11110000 10000001 00001111 01110111 00111110 11110000 10000001 00001111 01111100 00000000 00000000 

00001111 11011100 11001011 01011110 00110000 10111100 00110111 01110001 11110000 10000001 00001111 01111100 11100000 00000011 00011111 11111000 11000000 00000111 00111110 11110000 10000001 00001111 01111100 00000000 00000000 

00001111 11011100 11001011 10011110 00101111 10111100 00110111 01110001 11110000 10000001 00001111 01110111 00111110 11110000 10000001 00001111 01111100 00000000 00000000 

00001111 11011100 11000011 01011110 00110000 10111010 00110111 01110001 11110000 10000001 00001111 01111100 11100000 00000011 00011111 11111000 11000000 00000111 00111110 11110000 10000001 00001111 01111100 00000000 00000000 

00001111 11011100 11001011 01011110 00110000 10111100 00110111 01110001 11110000 10000001 00001111 01110111 00111110 11110000 10000001 00001111 01111100 00000000 00000000 

00001111 11011100 11001011 00011110 00110000 10111010 00110111 01110001 11110000 10000001 00001111 01111100 11100000 00000011 00011111 11111000 11000000 00000111 00111110 11110000 10000001 00001111 01111100 00000000 00000000 

00001111 11011100 11001011 01011110 00110000 10111100 00110111 01110001 11110000 10000001 00001111 01110111 00111110 11110000 10000001 00001111 01111100 00000000 00000000 

00001111 11011100 11001011 01011110 00110000 10111010 00110111 01110001 11110000 10000001 00001111 01111100 11100000 00000011 00011111 11111000 11000000 00000111 00111110 11110000 10000001 00001111 01111100 00000000 00000000 

00001111 11011100 11001011 01011110 00110000 10111100 00110111 01110001 11110000 10000001 00001111 01110111 00111110 11110000 10000001 00001111 01111100 00000000 00000000 

00001111 11011100 11001011 00011110 00110000 10111010 00110111 01110001 11110000 10000001 00001111 01111100 11100000 00000011 00011111 11111000 11000000 00000111 00111110 11110000 10000001 00001111 01111100 00000000 00000000 

00001111 11011100 11001011 00011110 00110000 10111010 00110111 01110001 11110000 10000001 00001111 01110111 00111110 11110000 10000001 00001111 01111100 00000000 00000000 

00001111 11011100 11001011 01011110 00110000 10111100 00110111 01110001 11110000 10000001 00001111 01111100 11100000 00000011 00011111 11111000 11000000 00000111 00111110 11110000 10000001 00001111 01111100 00000000 00000000 

00001111 11011100 11010011 01011110 00110000 10111100 00110111 01110001 11110000 10000001 00001111 01110111 00111110 11110000 10000001 00001111 01111100 00000000 00000000 

00001111 11011100 11001011 01011110 00110000 10111100 00110111 01110001 11110000 10000001 00001111 01111100 11100000 00000011 00011111 11111000 11000000 00000111 00111110 11110000 10000001 00001111 01111100 00000000 00000000 

00001111 11011100 11000011 00011110 00110000 10111010 00110111 01110001 11110000 10000001 00001111 01110111 00111110 11110000 10000001 00001111 01111100 00000000 00000000 

00001111 11011100 11001011 01011110 00110000 10111100 00110111 01110001 11110000 10000001 00001111 01111100 11100000 00000011 00011111 11111000 11000000 00000111 00111110 11110000 10000001 00001111 01111100 00000000 00000000 

00001111 11011100 11010011 01011110 00110000 10111010 00110111 01110001 11110000 10000001 00001111 01110111 00111110 11110000 10000001 00001111 01111100 00000000 00000000 

00001111 11011100 11001011 01011110 00110000 10111100 00110111 01110001 11110000 10000001 00001111 01111100 11100000 00000011 00011111 11111000 11000000 00000111 00111110 11110000 10000001 00001111 01111100 00000000 00000000 

00001111 11011100 11010011 01011110 00110000 10111100 00110111 01110001 11110000 10000001 00001111 01110111 00111110 11110000 10000001 00001111 01111100 00000000 00000000 

00001111 11011100 11010011 10011110 00110000 10111010 00110111 01110001 11110000 10000001 00001111 01111100 11100000 00000011 00011111 11111000 11000000 00000111 00111110 11110000 10000001 00001111 01111100 00000000 00000000 

00001111 11011100 11001011 01011110 00110000 10111100 00110111 01110001 11110000 10000001 00001111 01110111 00111110 11110000 10000001 00001111 011111

+---------------------------------------------------------------------------------------------------------+
+---------------------------------------------------------------------------------------------------------+
+---------------------------------------------------------------------------------------------------------+
